name,metric,value
ch04_01_basic_teleportation,MLOC,0
