name,runtime,metric,value
vqe,1,LEC,1
